00000000000000000000000001010011
00000000000000000000000001100101
00000000000000000000000001101110
00000000000000000000000001110011
00000000000000000000000001101111
00000000000000000000000001110010
00000000000000000000000000100000
00000000000000000000000001001000
00000000000000000000000001100101
00000000000000000000000001101001
00000000000000000000000001100111
00000000000000000000000001101000
00000000000000000000000001110100
00000000000000000000000000111010
00000000000000000000000000100000
00000000000000000000000000110101
00000000000000000000000000110000
00000000000000000000000000001010
00000000000000000000000001010011
00000000000000000000000001100101
00000000000000000000000001101110
00000000000000000000000001110011
00000000000000000000000001101111
00000000000000000000000001110010
00000000000000000000000000100000
00000000000000000000000001010111
00000000000000000000000001101001
00000000000000000000000001100100
00000000000000000000000001110100
00000000000000000000000001101000
00000000000000000000000000111010
00000000000000000000000000100000
00000000000000000000000000110111
00000000000000000000000000110101
00000000000000000000000000001010
00000000000000000000000001110001
00000000000000000000000001101111
00000000000000000000000001101001
00000000000000000000000001100110
00000000000000000000000000000000
00000000000000000000000000000000
00000000000000000000000000000000
00000000000000000000000001001011
00000000000000000000000000000000
00000000000000000000000000000000
00000000000000000000000000000000
00000000000000000000000000110010
00000000000000000000000000000011
00000000000000000000000000000000
00000000000000000000000001010000
00000000000000000000000001101001
00000000000000000000000001111000
00000000000000000000000001100101
00000000000000000000000001101100
00000000000000000000000000111010
00000000000000000000000000100000
00000000000000000000000001011000
00000000000000000000000001000110
00000000000000000000000001000110
00000000000000000000000000110000
00000000000000000000000000110000
00000000000000000000000000110000
00000000000000000000000000110000
00000000000000000000000001000110
00000000000000000000000001000110
00000000000000000000000000001010
00000000000000000000000001011010
00000000000000000000000001010000
00000000000000000000000001101001
00000000000000000000000001111000
00000000000000000000000001100101
00000000000000000000000001101100
00000000000000000000000000111010
00000000000000000000000000100000
00000000000000000000000001011000
00000000000000000000000000110000
00000000000000000000000000110000
00000000000000000000000001000110
00000000000000000000000001000110
00000000000000000000000000110000
00000000000000000000000000110000
00000000000000000000000001000110
00000000000000000000000001000110
00000000000000000000000000001010
00000000000000000000000001110110
00000000000000000000000001010000
00000000000000000000000001101001
00000000000000000000000001111000
00000000000000000000000001100101
00000000000000000000000001101100
00000000000000000000000000111010
00000000000000000000000000100000
00000000000000000000000001011000
00000000000000000000000000110000
00000000000000000000000000110000
00000000000000000000000000110000
00000000000000000000000000110000
00000000000000000000000001000110
00000000000000000000000001000110
00000000000000000000000001000110
00000000000000000000000001000110
00000000000000000000000000001010
00000000000000000000000001101101
00000000000000000000000001010000
00000000000000000000000001101001
00000000000000000000000001111000
00000000000000000000000001100101
00000000000000000000000001101100
00000000000000000000000000111010
00000000000000000000000000100000
00000000000000000000000001011000
00000000000000000000000000110100
00000000000000000000000000110101
00000000000000000000000000110100
00000000000000000000000001000001
00000000000000000000000000110011
00000000000000000000000000111000
00000000000000000000000001000110
00000000000000000000000001000110
00000000000000000000000000001010
00000000000000000000000011111110
00000000000000000000000001000101
00000000000000000000000001001010
00000000000000000000000000111000
00000000000000000000000001010000
00000000000000000000000001101001
00000000000000000000000001111000
00000000000000000000000001100101
00000000000000000000000001101100
00000000000000000000000000111010
00000000000000000000000000100000
00000000000000000000000001011000
00000000000000000000000000110011
00000000000000000000000000110101
00000000000000000000000000110011
00000000000000000000000001000010
00000000000000000000000000110010
00000000000000000000000000110001
00000000000000000000000001000110
00000000000000000000000001000110
00000000000000000000000000001010
00000000000000000000000001010000
00000000000000000000000001101001
00000000000000000000000001111000
00000000000000000000000001100101
00000000000000000000000001101100
00000000000000000000000000111010
00000000000000000000000000100000
00000000000000000000000001011000
00000000000000000000000000110100
00000000000000000000000000110000
00000000000000000000000000110100
00000000000000000000000000110101
00000000000000000000000000110010
00000000000000000000000001000010
00000000000000000000000001000110
00000000000000000000000001000110
00000000000000000000000000001010
00000000000000000000000001010000
00000000000000000000000001101001
00000000000000000000000001111000
00000000000000000000000001100101
00000000000000000000000001101100
00000000000000000000000000111010
00000000000000000000000000100000
00000000000000000000000001011000
00000000000000000000000000110011
00000000000000000000000000110000
00000000000000000000000000110011
00000000000000000000000000110011
00000000000000000000000000110010
00000000000000000000000000110011
00000000000000000000000001000110
00000000000000000000000001000110
00000000000000000000000000001010
00000000000000000000000001010000
00000000000000000000000001101001
00000000000000000000000001111000
00000000000000000000000001100101
00000000000000000000000001101100
00000000000000000000000000111010
00000000000000000000000000100000
00000000000000000000000001011000
00000000000000000000000000110100
00000000000000000000000000111000
00000000000000000000000000110100
00000000000000000000000001000010
00000000000000000000000000110011
00000000000000000000000000111000
00000000000000000000000001000110
00000000000000000000000001000110
00000000000000000000000000001010
00000000000000000000000001010000
00000000000000000000000001101001
00000000000000000000000001111000
00000000000000000000000001100101
00000000000000000000000001101100
00000000000000000000000000111010
00000000000000000000000000100000
00000000000000000000000001011000
00000000000000000000000000110100
00000000000000000000000001000100
00000000000000000000000000110101
00000000000000000000000000110001
00000000000000000000000000110011
00000000000000000000000000111001
00000000000000000000000001000110
00000000000000000000000001000110
00000000000000000000000000001010
00000000000000000000000010100110
00000000000000000000000011101110
00000000000000000000000001010000
00000000000000000000000001101001
00000000000000000000000001111000
00000000000000000000000001100101
00000000000000000000000001101100
00000000000000000000000000111010
00000000000000000000000000100000
00000000000000000000000001011000
00000000000000000000000000110011
00000000000000000000000000110100
00000000000000000000000000110011
00000000000000000000000000110111
00000000000000000000000000110010
00000000000000000000000000110111
00000000000000000000000001000110
00000000000000000000000001000110
00000000000000000000000000001010
00000000000000000000000001010000
00000000000000000000000001101001
00000000000000000000000001111000
00000000000000000000000001100101
00000000000000000000000001101100
00000000000000000000000000111010
00000000000000000000000000100000
00000000000000000000000001011000
00000000000000000000000000110100
00000000000000000000000000110011
00000000000000000000000000110100
00000000000000000000000000110111
00000000000000000000000000110010
00000000000000000000000001000001
00000000000000000000000001000110
00000000000000000000000001000110
00000000000000000000000000001010
00000000000000000000000001010000
00000000000000000000000001101001
00000000000000000000000001111000
00000000000000000000000001100101
00000000000000000000000001101100
00000000000000000000000000111010
00000000000000000000000000100000
00000000000000000000000001011000
00000000000000000000000000110100
00000000000000000000000001000101
00000000000000000000000000110100
00000000000000000000000001000110
00000000000000000000000000110010
00000000000000000000000001000101
00000000000000000000000001000110
00000000000000000000000001000110
00000000000000000000000000001010
00000000000000000000000001010000
00000000000000000000000001101001
00000000000000000000000001111000
00000000000000000000000001100101
00000000000000000000000001101100
00000000000000000000000000111010
00000000000000000000000000100000
00000000000000000000000001011000
00000000000000000000000000110111
00000000000000000000000000110001
00000000000000000000000000110111
00000000000000000000000000110000
00000000000000000000000000110101
00000000000000000000000000110011
00000000000000000000000001000110
00000000000000000000000001000110
00000000000000000000000000001010
00000000000000000000000011111110
00000000000000000000000001110001
00000000000000000000000001110000
00000000000000000000000001010011
00000000000000000000000001010000
00000000000000000000000001101001
00000000000000000000000001111000
00000000000000000000000001100101
00000000000000000000000001101100
00000000000000000000000000111010
00000000000000000000000000100000
00000000000000000000000001011000
00000000000000000000000000110100
00000000000000000000000001000101
00000000000000000000000000110100
00000000000000000000000001000011
00000000000000000000000000110011
00000000000000000000000000110101
00000000000000000000000001000110
00000000000000000000000001000110
00000000000000000000000000001010
00000000000000000000000011111110
00000000000000000000000001001110
00000000000000000000000001001100
00000000000000000000000000110101
00000000000000000000000001010000
00000000000000000000000001101001
00000000000000000000000001111000
00000000000000000000000001100101
00000000000000000000000001101100
00000000000000000000000000111010
00000000000000000000000000100000
00000000000000000000000001011000
00000000000000000000000000110101
00000000000000000000000001000001
00000000000000000000000000110101
00000000000000000000000000111000
00000000000000000000000000110011
00000000000000000000000000110000
00000000000000000000000001000110
00000000000000000000000001000110
00000000000000000000000000001010
00000000000000000000000001010000
00000000000000000000000001101001
00000000000000000000000001111000
00000000000000000000000001100101
00000000000000000000000001101100
00000000000000000000000000111010
00000000000000000000000000100000
00000000000000000000000001011000
00000000000000000000000000111000
00000000000000000000000000110001
00000000000000000000000000110111
00000000000000000000000000111001
00000000000000000000000000110100
00000000000000000000000000110110
00000000000000000000000001000110
00000000000000000000000001000110
00000000000000000000000000001010
00000000000000000000000011111110
00000000000000000000000010000001
00000000000000000000000001111001
00000000000000000000000001000110
00000000000000000000000001010000
00000000000000000000000001101001
00000000000000000000000001111000
00000000000000000000000001100101
00000000000000000000000001101100
00000000000000000000000000111010
00000000000000000000000000100000
00000000000000000000000001011000
00000000000000000000000001000010
00000000000000000000000000111000
00000000000000000000000001000001
00000000000000000000000001000001
00000000000000000000000000110111
00000000000000000000000000111000
00000000000000000000000001000110
00000000000000000000000001000110
00000000000000000000000000001010
00000000000000000000000011111110
00000000000000000000000010111000
00000000000000000000000010101010
00000000000000000000000001111000
00000000000000000000000001010000
00000000000000000000000001101001
00000000000000000000000001111000
00000000000000000000000001100101
00000000000000000000000001101100
00000000000000000000000000111010
00000000000000000000000000100000
00000000000000000000000001011000
00000000000000000000000001000010
00000000000000000000000000110001
00000000000000000000000000111001
00000000000000000000000001000110
00000000000000000000000000110110
00000000000000000000000001000110
00000000000000000000000001000110
00000000000000000000000001000110
00000000000000000000000000001010
00000000000000000000000001010000
00000000000000000000000001101001
00000000000000000000000001111000
00000000000000000000000001100101
00000000000000000000000001101100
00000000000000000000000000111010
00000000000000000000000000100000
00000000000000000000000001011000
00000000000000000000000000111001
00000000000000000000000000110111
00000000000000000000000000111000
00000000000000000000000000110100
00000000000000000000000000110100
00000000000000000000000001000101
00000000000000000000000001000110
00000000000000000000000001000110
00000000000000000000000000001010
00000000000000000000000001010000
00000000000000000000000001101001
00000000000000000000000001111000
00000000000000000000000001100101
00000000000000000000000001101100
00000000000000000000000000111010
00000000000000000000000000100000
00000000000000000000000001011000
00000000000000000000000001000010
00000000000000000000000000110011
00000000000000000000000000111001
00000000000000000000000001000101
00000000000000000000000000110110
00000000000000000000000000110100
00000000000000000000000001000110
00000000000000000000000001000110
00000000000000000000000000001010
00000000000000000000000001010000
00000000000000000000000001101001
00000000000000000000000001111000
00000000000000000000000001100101
00000000000000000000000001101100
00000000000000000000000000111010
00000000000000000000000000100000
00000000000000000000000001011000
00000000000000000000000001000010
00000000000000000000000001000010
00000000000000000000000001000001
00000000000000000000000000110101
00000000000000000000000000110110
00000000000000000000000000110101
00000000000000000000000001000110
00000000000000000000000001000110
00000000000000000000000000001010
00000000000000000000000010100111
00000000000000000000000011111111
00000000000000000000000001010000
00000000000000000000000001101001
00000000000000000000000001111000
00000000000000000000000001100101
00000000000000000000000001101100
00000000000000000000000000111010
00000000000000000000000000100000
